hour_of_day,minute_of_hour,avg_price,Time of Day
0,0,35.6595867768595041,00:00:00
0,15,33.9265564738292011,00:15:00
0,30,32.7447107438016529,00:30:00
0,45,33.4824242424242424,00:45:00
1,0,33.7590934065934066,01:00:00
1,15,32.8679670329670330,01:15:00
1,30,31.6802747252747253,01:30:00
1,45,32.4303021978021978,01:45:00
2,0,32.0202209944751381,02:00:00
2,15,31.5848618784530387,02:15:00
2,30,31.8704419889502762,02:30:00
2,45,31.5087569060773481,02:45:00
3,0,31.9050964187327824,03:00:00
3,15,31.0091460055096419,03:15:00
3,30,32.3717355371900826,03:30:00
3,45,32.6080165289256198,03:45:00
4,0,33.7781267217630854,04:00:00
4,15,33.8262809917355372,04:15:00
4,30,34.2138016528925620,04:30:00
4,45,34.9701652892561983,04:45:00
5,0,36.9252617079889807,05:00:00
5,15,35.7261707988980716,05:15:00
5,30,37.4373553719008264,05:30:00
5,45,37.2508815426997245,05:45:00
6,0,40.9309366391184573,06:00:00
6,15,39.9503581267217631,06:15:00
6,30,42.7991184573002755,06:30:00
6,45,41.6997796143250689,06:45:00
7,0,46.6664462809917355,07:00:00
7,15,38.9701928374655647,07:15:00
7,30,36.6477134986225895,07:30:00
7,45,31.4797796143250689,07:45:00
8,0,31.1212672176308540,08:00:00
8,15,23.8825344352617080,08:15:00
8,30,23.1420936639118457,08:30:00
8,45,17.6309641873278237,08:45:00
9,0,19.8334435261707989,09:00:00
9,15,16.2474655647382920,09:15:00
9,30,14.9063636363636364,09:30:00
9,45,15.1750964187327824,09:45:00
10,0,15.2411019283746556,10:00:00
10,15,15.0767217630853994,10:15:00
10,30,14.5882920110192837,10:30:00
10,45,14.6446005509641873,10:45:00
11,0,14.8850688705234160,11:00:00
11,15,15.0371074380165289,11:15:00
11,30,15.1253719008264463,11:30:00
11,45,15.4501652892561983,11:45:00
12,0,15.7100826446280992,12:00:00
12,15,16.5633608815426997,12:15:00
12,30,16.6334435261707989,12:30:00
12,45,17.0079063360881543,12:45:00
13,0,17.1658126721763085,13:00:00
13,15,18.1134710743801653,13:15:00
13,30,18.4589807162534435,13:30:00
13,45,18.1663085399449036,13:45:00
14,0,17.9087878787878788,14:00:00
14,15,18.3134986225895317,14:15:00
14,30,19.3660055096418733,14:30:00
14,45,20.4730853994490358,14:45:00
15,0,29.4553994490358127,15:00:00
15,15,22.4218457300275482,15:15:00
15,30,22.4973553719008264,15:30:00
15,45,24.6247107438016529,15:45:00
16,0,26.0061707988980716,16:00:00
16,15,29.9240771349862259,16:15:00
16,30,32.1784848484848485,16:30:00
16,45,33.1356473829201102,16:45:00
17,0,33.2479063360881543,17:00:00
17,15,39.6987603305785124,17:15:00
17,30,49.5049035812672176,17:30:00
17,45,48.1907438016528926,17:45:00
18,0,39.3752892561983471,18:00:00
18,15,49.1953443526170799,18:15:00
18,30,57.4509917355371901,18:30:00
18,45,65.6590082644628099,18:45:00
19,0,64.2164462809917355,19:00:00
19,15,82.2185123966942149,19:15:00
19,30,107.0280165289256198,19:30:00
19,45,119.5689807162534435,19:45:00
20,0,110.1299449035812672,20:00:00
20,15,95.3798347107438017,20:15:00
20,30,70.8873002754820937,20:30:00
20,45,59.4676308539944904,20:45:00
21,0,59.6831404958677686,21:00:00
21,15,49.7313498622589532,21:15:00
21,30,48.1058677685950413,21:30:00
21,45,43.9354269972451791,21:45:00
22,0,45.2660055096418733,22:00:00
22,15,41.2454545454545455,22:15:00
22,30,39.0839118457300275,22:30:00
22,45,37.9685399449035813,22:45:00
23,0,36.6583195592286501,23:00:00
23,15,35.6789807162534435,23:15:00
23,30,34.3736088154269972,23:30:00
23,45,34.2566666666666667,23:45:00
