Time of Day,YTD,6M,1M,Yearly Frequency
00:00:00,30,30,30,90
00:15:00,26,26,26,78
00:30:00,27,27,28,82
00:45:00,26,26,26,78
01:00:00,25,26,26,77
01:15:00,27,28,28,83
01:30:00,27,27,27,81
01:45:00,23,23,23,69
02:00:00,23,23,23,69
02:15:00,24,24,25,73
02:30:00,24,24,24,72
02:45:00,23,23,25,71
03:00:00,26,26,26,78
03:15:00,24,24,24,72
03:30:00,25,25,25,75
03:45:00,26,26,26,78
04:00:00,24,24,25,73
04:15:00,26,26,26,78
04:30:00,21,21,22,64
04:45:00,21,21,23,65
05:00:00,21,21,21,63
05:15:00,21,21,21,63
05:30:00,18,18,18,54
05:45:00,16,16,17,49
06:00:00,12,12,13,37
06:15:00,12,12,14,38
06:30:00,9,9,11,29
06:45:00,10,10,10,30
07:00:00,8,8,8,24
07:15:00,8,8,8,24
07:30:00,9,9,9,27
07:45:00,16,16,16,48
08:00:00,23,23,23,69
08:15:00,27,28,28,83
08:30:00,34,35,38,107
08:45:00,51,52,57,160
09:00:00,55,56,57,168
09:15:00,52,52,56,160
09:30:00,56,56,57,169
09:45:00,60,61,62,183
10:00:00,64,65,65,194
10:15:00,63,64,66,193
10:30:00,69,69,71,209
10:45:00,67,67,71,205
11:00:00,57,60,62,179
11:15:00,62,62,64,188
11:30:00,61,62,65,188
11:45:00,64,64,64,192
12:00:00,66,66,67,199
12:15:00,62,63,66,191
12:30:00,64,64,66,194
12:45:00,67,67,67,201
13:00:00,69,70,72,211
13:15:00,71,71,71,213
13:30:00,74,74,77,225
13:45:00,76,76,77,229
14:00:00,74,74,76,224
14:15:00,77,77,77,231
14:30:00,79,79,81,239
14:45:00,76,77,79,232
15:00:00,81,83,83,247
15:15:00,75,75,77,227
15:30:00,71,72,74,217
15:45:00,73,73,76,222
16:00:00,69,69,72,210
16:15:00,60,61,62,183
16:30:00,56,56,56,168
16:45:00,46,47,51,144
17:00:00,44,44,46,134
17:15:00,41,41,42,124
17:30:00,35,35,35,105
17:45:00,32,32,33,97
18:00:00,33,33,33,99
18:15:00,29,29,29,87
18:30:00,28,28,28,84
18:45:00,24,25,25,74
19:00:00,22,22,22,66
19:15:00,16,16,18,50
19:30:00,13,13,13,39
19:45:00,7,7,7,21
20:00:00,6,6,6,18
20:15:00,5,5,6,16
20:30:00,5,5,5,15
20:45:00,8,8,8,24
21:00:00,9,9,9,27
21:15:00,11,11,11,33
21:30:00,9,9,11,29
21:45:00,12,12,13,37
22:00:00,14,14,15,43
22:15:00,15,16,16,47
22:30:00,16,16,17,49
22:45:00,20,21,22,63
23:00:00,25,26,26,77
23:15:00,28,28,30,86
23:30:00,33,33,34,100
23:45:00,33,33,33,99
