hour_of_day,minute_of_hour,avg_price,time_of_day
0,0,38.8141935483870968,00:00:00
0,15,35.9458064516129032,00:15:00
0,30,38.7677419354838710,00:30:00
0,45,41.1074193548387097,00:45:00
1,0,44.5219354838709677,01:00:00
1,15,39.1712903225806452,01:15:00
1,30,36.3519354838709677,01:30:00
1,45,41.0351612903225806,01:45:00
2,0,43.9325806451612903,02:00:00
2,15,36.1470967741935484,02:15:00
2,30,36.5154838709677419,02:30:00
2,45,36.5841935483870968,02:45:00
3,0,36.1380645161290323,03:00:00
3,15,35.9474193548387097,03:15:00
3,30,40.5467741935483871,03:30:00
3,45,42.1445161290322581,03:45:00
4,0,39.1167741935483871,04:00:00
4,15,40.9770967741935484,04:15:00
4,30,44.4954838709677419,04:30:00
4,45,43.3619354838709677,04:45:00
5,0,46.8409677419354839,05:00:00
5,15,51.0480645161290323,05:15:00
5,30,58.0441935483870968,05:30:00
5,45,50.8932258064516129,05:45:00
6,0,62.1432258064516129,06:00:00
6,15,55.8735483870967742,06:15:00
6,30,58.6603225806451613,06:30:00
6,45,62.0461290322580645,06:45:00
7,0,67.2864516129032258,07:00:00
7,15,68.7187096774193548,07:15:00
7,30,71.2690322580645161,07:30:00
7,45,71.7961290322580645,07:45:00
8,0,74.2032258064516129,08:00:00
8,15,56.0396774193548387,08:15:00
8,30,34.3070967741935484,08:30:00
8,45,32.8751612903225806,08:45:00
9,0,37.1900000000000000,09:00:00
9,15,31.7725806451612903,09:15:00
9,30,25.4990322580645161,09:30:00
9,45,27.1083870967741935,09:45:00
10,0,29.5877419354838710,10:00:00
10,15,28.7722580645161290,10:15:00
10,30,25.2064516129032258,10:30:00
10,45,23.7558064516129032,10:45:00
11,0,23.5558064516129032,11:00:00
11,15,23.3032258064516129,11:15:00
11,30,22.8609677419354839,11:30:00
11,45,21.6858064516129032,11:45:00
12,0,20.0951612903225806,12:00:00
12,15,20.1667741935483871,12:15:00
12,30,18.9558064516129032,12:30:00
12,45,18.2964516129032258,12:45:00
13,0,18.2109677419354839,13:00:00
13,15,16.3835483870967742,13:15:00
13,30,15.7283870967741935,13:30:00
13,45,14.6874193548387097,13:45:00
14,0,14.1490322580645161,14:00:00
14,15,14.0748387096774194,14:15:00
14,30,13.8738709677419355,14:30:00
14,45,12.5951612903225806,14:45:00
15,0,11.1470967741935484,15:00:00
15,15,11.8096774193548387,15:15:00
15,30,13.3258064516129032,15:30:00
15,45,16.0132258064516129,15:45:00
16,0,19.0909677419354839,16:00:00
16,15,41.2806451612903226,16:15:00
16,30,30.8003225806451613,16:30:00
16,45,23.0696774193548387,16:45:00
17,0,26.5693548387096774,17:00:00
17,15,56.8332258064516129,17:15:00
17,30,77.1790322580645161,17:30:00
17,45,99.9645161290322581,17:45:00
18,0,70.8870967741935484,18:00:00
18,15,89.8022580645161290,18:15:00
18,30,80.0887096774193548,18:30:00
18,45,62.1851612903225806,18:45:00
19,0,51.0596774193548387,19:00:00
19,15,52.0409677419354839,19:15:00
19,30,50.4719354838709677,19:30:00
19,45,50.6335483870967742,19:45:00
20,0,56.8541935483870968,20:00:00
20,15,55.2470967741935484,20:15:00
20,30,51.0425806451612903,20:30:00
20,45,50.5606451612903226,20:45:00
21,0,57.0448387096774194,21:00:00
21,15,45.1790322580645161,21:15:00
21,30,41.5274193548387097,21:30:00
21,45,38.1545161290322581,21:45:00
22,0,36.8403225806451613,22:00:00
22,15,38.7432258064516129,22:15:00
22,30,35.3796774193548387,22:30:00
22,45,38.2616129032258065,22:45:00
23,0,37.0051612903225806,23:00:00
23,15,42.9274193548387097,23:15:00
23,30,40.8438709677419355,23:30:00
23,45,38.4400000000000000,23:45:00
