hour_of_day,minute_of_hour,avg_price,time_of_day
0,0,28.3740000000000000,00:00:00
0,15,27.2333333333333333,00:15:00
0,30,26.4250000000000000,00:30:00
0,45,25.0073333333333333,00:45:00
1,0,26.7920000000000000,01:00:00
1,15,23.8880000000000000,01:15:00
1,30,23.8433333333333333,01:30:00
1,45,22.6796666666666667,01:45:00
2,0,22.3823333333333333,02:00:00
2,15,22.9393333333333333,02:15:00
2,30,23.5453333333333333,02:30:00
2,45,23.3423333333333333,02:45:00
3,0,23.2380000000000000,03:00:00
3,15,20.2653333333333333,03:15:00
3,30,22.2813333333333333,03:30:00
3,45,22.3856666666666667,03:45:00
4,0,25.3846666666666667,04:00:00
4,15,26.7983333333333333,04:15:00
4,30,25.2010000000000000,04:30:00
4,45,28.7603333333333333,04:45:00
5,0,31.5703333333333333,05:00:00
5,15,26.1566666666666667,05:15:00
5,30,28.7970000000000000,05:30:00
5,45,25.7550000000000000,05:45:00
6,0,35.7900000000000000,06:00:00
6,15,34.1210000000000000,06:15:00
6,30,32.5760000000000000,06:30:00
6,45,27.0553333333333333,06:45:00
7,0,27.6370000000000000,07:00:00
7,15,20.3110000000000000,07:15:00
7,30,17.5390000000000000,07:30:00
7,45,16.0973333333333333,07:45:00
8,0,14.9196666666666667,08:00:00
8,15,13.7693333333333333,08:15:00
8,30,12.8933333333333333,08:30:00
8,45,11.5693333333333333,08:45:00
9,0,11.4760000000000000,09:00:00
9,15,11.4886666666666667,09:15:00
9,30,11.9333333333333333,09:30:00
9,45,12.7720000000000000,09:45:00
10,0,14.3913333333333333,10:00:00
10,15,15.9010000000000000,10:15:00
10,30,16.8663333333333333,10:30:00
10,45,18.2200000000000000,10:45:00
11,0,17.1400000000000000,11:00:00
11,15,18.8563333333333333,11:15:00
11,30,20.8890000000000000,11:30:00
11,45,22.8163333333333333,11:45:00
12,0,23.9463333333333333,12:00:00
12,15,25.0280000000000000,12:15:00
12,30,26.6296666666666667,12:30:00
12,45,27.8360000000000000,12:45:00
13,0,25.4373333333333333,13:00:00
13,15,27.8046666666666667,13:15:00
13,30,31.2043333333333333,13:30:00
13,45,33.4690000000000000,13:45:00
14,0,28.3916666666666667,14:00:00
14,15,30.4196666666666667,14:15:00
14,30,33.5333333333333333,14:30:00
14,45,33.7986666666666667,14:45:00
15,0,30.8243333333333333,15:00:00
15,15,31.9786666666666667,15:15:00
15,30,31.5150000000000000,15:30:00
15,45,30.5706666666666667,15:45:00
16,0,32.2303333333333333,16:00:00
16,15,31.7666666666666667,16:15:00
16,30,31.6933333333333333,16:30:00
16,45,29.5310000000000000,16:45:00
17,0,25.6423333333333333,17:00:00
17,15,25.1390000000000000,17:15:00
17,30,25.5793333333333333,17:30:00
17,45,23.6173333333333333,17:45:00
18,0,23.2726666666666667,18:00:00
18,15,26.1806666666666667,18:15:00
18,30,26.7983333333333333,18:30:00
18,45,30.0120000000000000,18:45:00
19,0,32.2313333333333333,19:00:00
19,15,50.5603333333333333,19:15:00
19,30,66.2393333333333333,19:30:00
19,45,80.0030000000000000,19:45:00
20,0,91.9290000000000000,20:00:00
20,15,73.7406666666666667,20:15:00
20,30,68.0603333333333333,20:30:00
20,45,55.9823333333333333,20:45:00
21,0,54.9376666666666667,21:00:00
21,15,38.3690000000000000,21:15:00
21,30,35.6510000000000000,21:30:00
21,45,36.0816666666666667,21:45:00
22,0,34.1080000000000000,22:00:00
22,15,31.9543333333333333,22:15:00
22,30,29.9453333333333333,22:30:00
22,45,27.8453333333333333,22:45:00
23,0,28.2076666666666667,23:00:00
23,15,26.5790000000000000,23:15:00
23,30,25.3283333333333333,23:30:00
23,45,25.3733333333333333,23:45:00
