hour_of_day,minute_of_hour,avg_price,time_of_day
0,0,39.7709677419354839,00:00:00
0,15,42.8077419354838710,00:15:00
0,30,36.2506451612903226,00:30:00
0,45,39.5209677419354839,00:45:00
1,0,35.6587096774193548,01:00:00
1,15,38.3887096774193548,01:15:00
1,30,34.8838709677419355,01:30:00
1,45,38.7383870967741935,01:45:00
2,0,32.8664516129032258,02:00:00
2,15,39.5012903225806452,02:15:00
2,30,35.2916129032258065,02:30:00
2,45,36.9964516129032258,02:45:00
3,0,33.5629032258064516,03:00:00
3,15,35.2516129032258065,03:15:00
3,30,37.2522580645161290,03:30:00
3,45,31.3716129032258065,03:45:00
4,0,35.2474193548387097,04:00:00
4,15,39.3032258064516129,04:15:00
4,30,35.1600000000000000,04:30:00
4,45,36.5835483870967742,04:45:00
5,0,38.0867741935483871,05:00:00
5,15,38.1800000000000000,05:15:00
5,30,35.9819354838709677,05:30:00
5,45,36.0080645161290323,05:45:00
6,0,38.1474193548387097,06:00:00
6,15,35.1164516129032258,06:15:00
6,30,36.5135483870967742,06:30:00
6,45,37.4193548387096774,06:45:00
7,0,43.0422580645161290,07:00:00
7,15,38.6116129032258065,07:15:00
7,30,31.6783870967741935,07:30:00
7,45,23.6277419354838710,07:45:00
8,0,20.8287096774193548,08:00:00
8,15,17.9416129032258065,08:15:00
8,30,16.5477419354838710,08:30:00
8,45,14.2719354838709677,08:45:00
9,0,13.8125806451612903,09:00:00
9,15,13.8070967741935484,09:15:00
9,30,14.1267741935483871,09:30:00
9,45,14.9964516129032258,09:45:00
10,0,16.0180645161290323,10:00:00
10,15,17.3067741935483871,10:15:00
10,30,18.2090322580645161,10:30:00
10,45,19.3641935483870968,10:45:00
11,0,19.9058064516129032,11:00:00
11,15,20.6222580645161290,11:15:00
11,30,22.7677419354838710,11:30:00
11,45,25.0312903225806452,11:45:00
12,0,23.5654838709677419,12:00:00
12,15,23.4000000000000000,12:15:00
12,30,25.3787096774193548,12:30:00
12,45,28.1838709677419355,12:45:00
13,0,27.0364516129032258,13:00:00
13,15,27.7525806451612903,13:15:00
13,30,30.9441935483870968,13:30:00
13,45,31.6451612903225806,13:45:00
14,0,30.6177419354838710,14:00:00
14,15,33.2496774193548387,14:15:00
14,30,34.7351612903225806,14:30:00
14,45,35.9316129032258065,14:45:00
15,0,32.6148387096774194,15:00:00
15,15,33.5890322580645161,15:15:00
15,30,35.2361290322580645,15:30:00
15,45,37.4022580645161290,15:45:00
16,0,33.2716129032258065,16:00:00
16,15,36.2006451612903226,16:15:00
16,30,35.7090322580645161,16:30:00
16,45,40.3703225806451613,16:45:00
17,0,37.0161290322580645,17:00:00
17,15,37.3493548387096774,17:15:00
17,30,37.7096774193548387,17:30:00
17,45,37.5438709677419355,17:45:00
18,0,33.1061290322580645,18:00:00
18,15,37.7125806451612903,18:15:00
18,30,45.0680645161290323,18:30:00
18,45,71.3712903225806452,18:45:00
19,0,68.7235483870967742,19:00:00
19,15,162.6048387096774194,19:15:00
19,30,302.8151612903225806,19:30:00
19,45,314.0158064516129032,19:45:00
20,0,250.3503225806451613,20:00:00
20,15,161.6577419354838710,20:15:00
20,30,82.8083870967741935,20:30:00
20,45,68.6467741935483871,20:45:00
21,0,73.8822580645161290,21:00:00
21,15,60.4070967741935484,21:15:00
21,30,57.1212903225806452,21:30:00
21,45,52.9938709677419355,21:45:00
22,0,50.4158064516129032,22:00:00
22,15,48.2132258064516129,22:15:00
22,30,46.2267741935483871,22:30:00
22,45,48.3203225806451613,22:45:00
23,0,43.0574193548387097,23:00:00
23,15,38.1190322580645161,23:15:00
23,30,40.5496774193548387,23:30:00
23,45,39.8080645161290323,23:45:00
