hour_of_day,minute_of_hour,avg_price,time_of_day
0,0,34.2580645161290323,00:00:00
0,15,30.3574193548387097,00:15:00
0,30,29.6312903225806452,00:30:00
0,45,31.3761290322580645,00:45:00
1,0,34.3254838709677419,01:00:00
1,15,28.9625806451612903,01:15:00
1,30,30.3693548387096774,01:30:00
1,45,29.5216129032258065,01:45:00
2,0,28.6396774193548387,02:00:00
2,15,28.8470967741935484,02:15:00
2,30,28.9880645161290323,02:30:00
2,45,28.6435483870967742,02:45:00
3,0,27.0841935483870968,03:00:00
3,15,25.2429032258064516,03:15:00
3,30,27.1122580645161290,03:30:00
3,45,28.9574193548387097,03:45:00
4,0,25.8619354838709677,04:00:00
4,15,25.3258064516129032,04:15:00
4,30,26.0016129032258065,04:30:00
4,45,26.7587096774193548,04:45:00
5,0,26.8483870967741935,05:00:00
5,15,27.4974193548387097,05:15:00
5,30,27.6845161290322581,05:30:00
5,45,29.2641935483870968,05:45:00
6,0,28.1590322580645161,06:00:00
6,15,26.6787096774193548,06:15:00
6,30,28.6316129032258065,06:30:00
6,45,28.4009677419354839,06:45:00
7,0,33.6345161290322581,07:00:00
7,15,29.1851612903225806,07:15:00
7,30,33.4400000000000000,07:30:00
7,45,33.0387096774193548,07:45:00
8,0,34.4293548387096774,08:00:00
8,15,33.2364516129032258,08:15:00
8,30,38.5461290322580645,08:30:00
8,45,32.2690322580645161,08:45:00
9,0,30.8829032258064516,09:00:00
9,15,20.1461290322580645,09:15:00
9,30,14.0322580645161290,09:30:00
9,45,9.8745161290322581,09:45:00
10,0,9.2716129032258065,10:00:00
10,15,8.6838709677419355,10:15:00
10,30,8.0096774193548387,10:30:00
10,45,8.1309677419354839,10:45:00
11,0,8.1532258064516129,11:00:00
11,15,8.4503225806451613,11:15:00
11,30,8.6754838709677419,11:30:00
11,45,8.8445161290322581,11:45:00
12,0,9.0254838709677419,12:00:00
12,15,9.4290322580645161,12:15:00
12,30,10.6925806451612903,12:30:00
12,45,11.5696774193548387,12:45:00
13,0,11.4619354838709677,13:00:00
13,15,12.3683870967741935,13:15:00
13,30,13.9870967741935484,13:30:00
13,45,14.9574193548387097,13:45:00
14,0,14.4445161290322581,14:00:00
14,15,15.8667741935483871,14:15:00
14,30,17.2045161290322581,14:30:00
14,45,17.2312903225806452,14:45:00
15,0,16.1974193548387097,15:00:00
15,15,17.1625806451612903,15:15:00
15,30,18.4651612903225806,15:30:00
15,45,18.7409677419354839,15:45:00
16,0,18.5296774193548387,16:00:00
16,15,18.9635483870967742,16:15:00
16,30,21.0787096774193548,16:30:00
16,45,22.2487096774193548,16:45:00
17,0,20.7458064516129032,17:00:00
17,15,22.0783870967741935,17:15:00
17,30,26.2348387096774194,17:30:00
17,45,28.5474193548387097,17:45:00
18,0,29.4406451612903226,18:00:00
18,15,37.2109677419354839,18:15:00
18,30,50.1322580645161290,18:30:00
18,45,81.9616129032258065,18:45:00
19,0,56.6270967741935484,19:00:00
19,15,117.4216129032258065,19:15:00
19,30,150.8780645161290323,19:30:00
19,45,136.4532258064516129,19:45:00
20,0,106.1274193548387097,20:00:00
20,15,72.7593548387096774,20:15:00
20,30,63.4206451612903226,20:30:00
20,45,56.0874193548387097,20:45:00
21,0,69.4741935483870968,21:00:00
21,15,50.9941935483870968,21:15:00
21,30,44.5561290322580645,21:30:00
21,45,42.8958064516129032,21:45:00
22,0,49.3332258064516129,22:00:00
22,15,45.5274193548387097,22:15:00
22,30,43.0796774193548387,22:30:00
22,45,41.0587096774193548,22:45:00
23,0,42.2048387096774194,23:00:00
23,15,37.7019354838709677,23:15:00
23,30,36.0406451612903226,23:30:00
23,45,35.8435483870967742,23:45:00
