hour_of_day,minute_of_hour,avg_price,time_of_day
0,0,20.7251724137931034,00:00:00
0,15,24.4672413793103448,00:15:00
0,30,20.4720689655172414,00:30:00
0,45,19.7034482758620690,00:45:00
1,0,17.0617241379310345,01:00:00
1,15,14.9920689655172414,01:15:00
1,30,16.0696551724137931,01:30:00
1,45,15.4958620689655172,01:45:00
2,0,14.8482758620689655,02:00:00
2,15,15.6327586206896552,02:15:00
2,30,14.4058620689655172,02:30:00
2,45,14.6089655172413793,02:45:00
3,0,16.5717241379310345,03:00:00
3,15,14.1444827586206897,03:15:00
3,30,15.7186206896551724,03:30:00
3,45,14.5603448275862069,03:45:00
4,0,15.4837931034482759,04:00:00
4,15,15.0862068965517241,04:15:00
4,30,17.4455172413793103,04:30:00
4,45,19.1003448275862069,04:45:00
5,0,19.6210344827586207,05:00:00
5,15,20.5065517241379310,05:15:00
5,30,22.7717241379310345,05:30:00
5,45,23.5396551724137931,05:45:00
6,0,36.5606896551724138,06:00:00
6,15,28.6889655172413793,06:15:00
6,30,33.5117241379310345,06:30:00
6,45,32.4279310344827586,06:45:00
7,0,38.3224137931034483,07:00:00
7,15,33.5879310344827586,07:15:00
7,30,28.0641379310344828,07:30:00
7,45,21.5131034482758621,07:45:00
8,0,15.8889655172413793,08:00:00
8,15,13.0100000000000000,08:15:00
8,30,10.5393103448275862,08:30:00
8,45,8.4789655172413793,08:45:00
9,0,18.3665517241379310,09:00:00
9,15,10.8344827586206897,09:15:00
9,30,10.0168965517241379,09:30:00
9,45,9.0365517241379310,09:45:00
10,0,8.8272413793103448,10:00:00
10,15,9.1468965517241379,10:15:00
10,30,8.7620689655172414,10:30:00
10,45,8.4686206896551724,10:45:00
11,0,7.9855172413793103,11:00:00
11,15,7.6541379310344828,11:15:00
11,30,6.8944827586206897,11:30:00
11,45,6.9475862068965517,11:45:00
12,0,6.9410344827586207,12:00:00
12,15,6.2989655172413793,12:15:00
12,30,5.9993103448275862,12:30:00
12,45,5.7051724137931034,12:45:00
13,0,5.4713793103448276,13:00:00
13,15,5.4517241379310345,13:15:00
13,30,5.0534482758620690,13:30:00
13,45,4.6748275862068966,13:45:00
14,0,4.9448275862068966,14:00:00
14,15,5.3489655172413793,14:15:00
14,30,5.0151724137931034,14:30:00
14,45,4.6827586206896552,14:45:00
15,0,4.9868965517241379,15:00:00
15,15,7.0448275862068966,15:15:00
15,30,7.6041379310344828,15:30:00
15,45,5.1872413793103448,15:45:00
16,0,5.2524137931034483,16:00:00
16,15,9.1062068965517241,16:15:00
16,30,16.4234482758620690,16:30:00
16,45,14.2210344827586207,16:45:00
17,0,13.1765517241379310,17:00:00
17,15,21.8182758620689655,17:15:00
17,30,44.3106896551724138,17:30:00
17,45,54.3251724137931034,17:45:00
18,0,42.9179310344827586,18:00:00
18,15,54.1755172413793103,18:15:00
18,30,55.9634482758620690,18:30:00
18,45,52.5758620689655172,18:45:00
19,0,42.2482758620689655,19:00:00
19,15,38.2065517241379310,19:15:00
19,30,40.9741379310344828,19:30:00
19,45,38.8420689655172414,19:45:00
20,0,39.0934482758620690,20:00:00
20,15,34.2458620689655172,20:15:00
20,30,36.1686206896551724,20:30:00
20,45,38.8524137931034483,20:45:00
21,0,37.3831034482758621,21:00:00
21,15,39.6100000000000000,21:15:00
21,30,39.2006896551724138,21:30:00
21,45,30.6596551724137931,21:45:00
22,0,31.2613793103448276,22:00:00
22,15,30.3658620689655172,22:15:00
22,30,25.8834482758620690,22:30:00
22,45,23.0175862068965517,22:45:00
23,0,23.0120689655172414,23:00:00
23,15,23.3127586206896552,23:15:00
23,30,20.9106896551724138,23:30:00
23,45,23.0358620689655172,23:45:00
