Hour of Day,Minute of Hour,Below Breakeven YTD,Below Breakeven 6M,Below Breakeven 1M,Time of Day
0,0,8,8,8,00:00:00
0,15,6,6,6,00:15:00
0,30,7,7,8,00:30:00
0,45,6,6,6,00:45:00
1,0,7,8,8,01:00:00
1,15,5,5,5,01:15:00
1,30,6,6,6,01:30:00
1,45,5,5,5,01:45:00
2,0,5,5,5,02:00:00
2,15,5,5,5,02:15:00
2,30,4,4,4,02:30:00
2,45,3,3,4,02:45:00
3,0,4,4,4,03:00:00
3,15,3,3,3,03:15:00
3,30,3,3,3,03:30:00
3,45,3,3,3,03:45:00
4,0,2,2,3,04:00:00
4,15,3,3,3,04:15:00
4,30,2,2,3,04:30:00
4,45,3,3,3,04:45:00
5,0,2,2,2,05:00:00
5,15,2,2,2,05:15:00
5,30,1,1,1,05:30:00
5,45,1,1,1,05:45:00
6,0,0,0,0,06:00:00
6,15,0,0,0,06:15:00
6,30,0,0,0,06:30:00
6,45,0,0,0,06:45:00
7,0,0,0,0,07:00:00
7,15,0,0,0,07:15:00
7,30,0,0,0,07:30:00
7,45,0,0,0,07:45:00
8,0,2,2,2,08:00:00
8,15,2,2,2,08:15:00
8,30,2,2,3,08:30:00
8,45,6,7,8,08:45:00
9,0,4,4,5,09:00:00
9,15,3,3,3,09:15:00
9,30,4,4,4,09:30:00
9,45,4,4,4,09:45:00
10,0,8,8,8,10:00:00
10,15,8,8,8,10:15:00
10,30,9,9,9,10:30:00
10,45,9,9,10,10:45:00
11,0,9,9,9,11:00:00
11,15,9,9,9,11:15:00
11,30,8,9,10,11:30:00
11,45,9,9,9,11:45:00
12,0,10,10,10,12:00:00
12,15,9,9,9,12:15:00
12,30,12,12,12,12:30:00
12,45,12,12,12,12:45:00
13,0,13,13,13,13:00:00
13,15,14,14,14,13:15:00
13,30,14,14,14,13:30:00
13,45,14,14,14,13:45:00
14,0,12,12,12,14:00:00
14,15,13,13,13,14:15:00
14,30,12,12,13,14:30:00
14,45,16,16,16,14:45:00
15,0,14,14,14,15:00:00
15,15,14,14,14,15:15:00
15,30,14,14,14,15:30:00
15,45,15,15,15,15:45:00
16,0,16,16,16,16:00:00
16,15,12,13,13,16:15:00
16,30,11,11,11,16:30:00
16,45,9,9,10,16:45:00
17,0,7,7,8,17:00:00
17,15,4,4,4,17:15:00
17,30,1,1,1,17:30:00
17,45,1,1,1,17:45:00
18,0,1,1,1,18:00:00
18,15,1,1,1,18:15:00
18,30,1,1,1,18:30:00
18,45,1,1,1,18:45:00
19,0,1,1,1,19:00:00
19,15,1,1,1,19:15:00
19,30,1,1,1,19:30:00
19,45,1,1,1,19:45:00
20,0,1,1,1,20:00:00
20,15,1,1,1,20:15:00
20,30,1,1,1,20:30:00
20,45,2,2,2,20:45:00
21,0,2,2,2,21:00:00
21,15,2,2,2,21:15:00
21,30,2,2,2,21:30:00
21,45,2,2,2,21:45:00
22,0,2,2,2,22:00:00
22,15,2,2,2,22:15:00
22,30,2,2,3,22:30:00
22,45,4,4,5,22:45:00
23,0,6,6,6,23:00:00
23,15,8,8,9,23:15:00
23,30,8,8,8,23:30:00
23,45,8,8,8,23:45:00
