Hour of Day,Minute of Hour,Below Breakeven YTD,Below Breakeven 6M,Below Breakeven 1M,Time of Day
0,0,8,8,8,00:00:00
0,15,6,6,6,00:15:00
0,30,5,5,5,00:30:00
0,45,5,5,5,00:45:00
1,0,5,5,5,01:00:00
1,15,6,7,7,01:15:00
1,30,5,5,5,01:30:00
1,45,4,4,4,01:45:00
2,0,4,4,4,02:00:00
2,15,4,4,4,02:15:00
2,30,6,6,6,02:30:00
2,45,7,7,7,02:45:00
3,0,7,7,7,03:00:00
3,15,7,7,7,03:15:00
3,30,7,7,7,03:30:00
3,45,7,7,7,03:45:00
4,0,6,6,6,04:00:00
4,15,6,6,6,04:15:00
4,30,3,3,3,04:30:00
4,45,3,3,3,04:45:00
5,0,2,2,2,05:00:00
5,15,2,2,2,05:15:00
5,30,2,2,2,05:30:00
5,45,2,2,3,05:45:00
6,0,2,2,2,06:00:00
6,15,2,2,2,06:15:00
6,30,2,2,2,06:30:00
6,45,3,3,3,06:45:00
7,0,3,3,3,07:00:00
7,15,3,3,3,07:15:00
7,30,2,2,2,07:30:00
7,45,3,3,3,07:45:00
8,0,3,3,3,08:00:00
8,15,3,3,3,08:15:00
8,30,3,3,3,08:30:00
8,45,4,4,4,08:45:00
9,0,3,3,3,09:00:00
9,15,2,2,3,09:15:00
9,30,2,2,2,09:30:00
9,45,3,3,3,09:45:00
10,0,4,4,4,10:00:00
10,15,3,3,3,10:15:00
10,30,5,5,5,10:30:00
10,45,6,6,6,10:45:00
11,0,5,6,6,11:00:00
11,15,6,6,6,11:15:00
11,30,6,6,7,11:30:00
11,45,6,6,6,11:45:00
12,0,8,8,8,12:00:00
12,15,6,6,6,12:15:00
12,30,6,6,6,12:30:00
12,45,7,7,7,12:45:00
13,0,8,9,9,13:00:00
13,15,9,9,9,13:15:00
13,30,11,11,12,13:30:00
13,45,11,11,11,13:45:00
14,0,11,11,12,14:00:00
14,15,14,14,14,14:15:00
14,30,13,13,14,14:30:00
14,45,12,12,13,14:45:00
15,0,14,14,14,15:00:00
15,15,12,12,12,15:15:00
15,30,9,10,10,15:30:00
15,45,11,11,11,15:45:00
16,0,11,11,11,16:00:00
16,15,12,12,12,16:15:00
16,30,12,12,12,16:30:00
16,45,9,9,10,16:45:00
17,0,9,9,9,17:00:00
17,15,9,9,9,17:15:00
17,30,7,7,7,17:30:00
17,45,6,6,6,17:45:00
18,0,4,4,4,18:00:00
18,15,3,3,3,18:15:00
18,30,2,2,2,18:30:00
18,45,1,1,1,18:45:00
19,0,0,0,0,19:00:00
19,15,0,0,0,19:15:00
19,30,0,0,0,19:30:00
19,45,0,0,0,19:45:00
20,0,0,0,0,20:00:00
20,15,1,1,1,20:15:00
20,30,1,1,1,20:30:00
20,45,2,2,2,20:45:00
21,0,3,3,3,21:00:00
21,15,3,3,3,21:15:00
21,30,3,3,3,21:30:00
21,45,4,4,4,21:45:00
22,0,3,3,3,22:00:00
22,15,3,3,3,22:15:00
22,30,4,4,4,22:30:00
22,45,5,5,5,22:45:00
23,0,6,6,6,23:00:00
23,15,6,6,7,23:15:00
23,30,9,9,9,23:30:00
23,45,9,9,9,23:45:00
