hour_of_day,minute_of_hour,avg_price,time_of_day
0,0,48.7993548387096774,00:00:00
0,15,43.1874193548387097,00:15:00
0,30,43.2545161290322581,00:30:00
0,45,47.6690322580645161,00:45:00
1,0,46.9048387096774194,01:00:00
1,15,46.8616129032258065,01:15:00
1,30,45.9729032258064516,01:30:00
1,45,50.9545161290322581,01:45:00
2,0,46.9743333333333333,02:00:00
2,15,45.6713333333333333,02:15:00
2,30,51.0940000000000000,02:30:00
2,45,44.2880000000000000,02:45:00
3,0,52.5367741935483871,03:00:00
3,15,51.0474193548387097,03:15:00
3,30,51.4703225806451613,03:30:00
3,45,51.1941935483870968,03:45:00
4,0,51.2800000000000000,04:00:00
4,15,53.1996774193548387,04:15:00
4,30,50.4232258064516129,04:30:00
4,45,54.7196774193548387,04:45:00
5,0,61.4012903225806452,05:00:00
5,15,51.4854838709677419,05:15:00
5,30,52.9351612903225806,05:30:00
5,45,57.9893548387096774,05:45:00
6,0,54.3167741935483871,06:00:00
6,15,62.5254838709677419,06:15:00
6,30,70.5748387096774194,06:30:00
6,45,63.1009677419354839,06:45:00
7,0,86.0400000000000000,07:00:00
7,15,60.9170967741935484,07:15:00
7,30,61.8874193548387097,07:30:00
7,45,46.2816129032258065,07:45:00
8,0,52.3919354838709677,08:00:00
8,15,32.9587096774193548,08:15:00
8,30,55.9445161290322581,08:30:00
8,45,24.5209677419354839,08:45:00
9,0,34.7129032258064516,09:00:00
9,15,20.0951612903225806,09:15:00
9,30,19.0638709677419355,09:30:00
9,45,24.3345161290322581,09:45:00
10,0,17.9754838709677419,10:00:00
10,15,13.6748387096774194,10:15:00
10,30,15.9903225806451613,10:30:00
10,45,17.2900000000000000,10:45:00
11,0,20.1687096774193548,11:00:00
11,15,13.6112903225806452,11:15:00
11,30,11.3696774193548387,11:30:00
11,45,11.7870967741935484,11:45:00
12,0,13.5880645161290323,12:00:00
12,15,15.8125806451612903,12:15:00
12,30,12.2993548387096774,12:30:00
12,45,11.8735483870967742,12:45:00
13,0,11.4851612903225806,13:00:00
13,15,11.7374193548387097,13:15:00
13,30,9.9448387096774194,13:30:00
13,45,10.9329032258064516,13:45:00
14,0,12.8467741935483871,14:00:00
14,15,13.1116129032258065,14:15:00
14,30,14.2312903225806452,14:30:00
14,45,14.3267741935483871,14:45:00
15,0,14.4361290322580645,15:00:00
15,15,15.1512903225806452,15:15:00
15,30,13.9832258064516129,15:30:00
15,45,13.4529032258064516,15:45:00
16,0,12.2225806451612903,16:00:00
16,15,14.3564516129032258,16:15:00
16,30,14.8500000000000000,16:30:00
16,45,17.0058064516129032,16:45:00
17,0,17.3019354838709677,17:00:00
17,15,24.0351612903225806,17:15:00
17,30,27.4354838709677419,17:30:00
17,45,51.5712903225806452,17:45:00
18,0,32.1003225806451613,18:00:00
18,15,72.2954838709677419,18:15:00
18,30,92.4083870967741935,18:30:00
18,45,80.6925806451612903,18:45:00
19,0,73.4722580645161290,19:00:00
19,15,91.6561290322580645,19:15:00
19,30,88.9664516129032258,19:30:00
19,45,103.1954838709677419,19:45:00
20,0,92.9629032258064516,20:00:00
20,15,90.8200000000000000,20:15:00
20,30,80.4490322580645161,20:30:00
20,45,66.2158064516129032,20:45:00
21,0,71.0932258064516129,21:00:00
21,15,63.2283870967741935,21:15:00
21,30,66.3077419354838710,21:30:00
21,45,52.4548387096774194,21:45:00
22,0,69.2051612903225806,22:00:00
22,15,46.1870967741935484,22:15:00
22,30,42.7332258064516129,22:30:00
22,45,40.0477419354838710,22:45:00
23,0,38.8903225806451613,23:00:00
23,15,43.3180645161290323,23:15:00
23,30,38.9745161290322581,23:30:00
23,45,41.4909677419354839,23:45:00
