hour_of_day,minute_of_hour,avg_price,time_of_day
0,0,41.5246666666666667,00:00:00
0,15,36.1046666666666667,00:15:00
0,30,35.9880000000000000,00:30:00
0,45,35.4983333333333333,00:45:00
1,0,35.9909677419354839,01:00:00
1,15,35.5000000000000000,01:15:00
1,30,36.2632258064516129,01:30:00
1,45,36.2490322580645161,01:45:00
2,0,35.8560000000000000,02:00:00
2,15,35.8380000000000000,02:15:00
2,30,34.2443333333333333,02:30:00
2,45,32.8510000000000000,02:45:00
3,0,34.4986666666666667,03:00:00
3,15,35.1233333333333333,03:15:00
3,30,35.0986666666666667,03:30:00
3,45,36.3683333333333333,03:45:00
4,0,36.6090000000000000,04:00:00
4,15,36.6226666666666667,04:15:00
4,30,39.1526666666666667,04:30:00
4,45,39.8716666666666667,04:45:00
5,0,38.6316666666666667,05:00:00
5,15,41.1593333333333333,05:15:00
5,30,38.9770000000000000,05:30:00
5,45,41.3280000000000000,05:45:00
6,0,42.7366666666666667,06:00:00
6,15,43.7720000000000000,06:15:00
6,30,43.7136666666666667,06:30:00
6,45,45.8010000000000000,06:45:00
7,0,48.7106666666666667,07:00:00
7,15,39.7693333333333333,07:15:00
7,30,30.0923333333333333,07:30:00
7,45,23.8570000000000000,07:45:00
8,0,20.7956666666666667,08:00:00
8,15,17.3823333333333333,08:15:00
8,30,13.9760000000000000,08:30:00
8,45,13.7173333333333333,08:45:00
9,0,13.5046666666666667,09:00:00
9,15,12.7793333333333333,09:15:00
9,30,11.8570000000000000,09:30:00
9,45,11.3830000000000000,09:45:00
10,0,12.2333333333333333,10:00:00
10,15,11.7703333333333333,10:15:00
10,30,11.8506666666666667,10:30:00
10,45,12.0876666666666667,10:45:00
11,0,11.7153333333333333,11:00:00
11,15,11.8516666666666667,11:15:00
11,30,11.5590000000000000,11:30:00
11,45,11.9613333333333333,11:45:00
12,0,11.8966666666666667,12:00:00
12,15,12.4676666666666667,12:15:00
12,30,12.7766666666666667,12:30:00
12,45,13.8460000000000000,12:45:00
13,0,15.2686666666666667,13:00:00
13,15,14.8766666666666667,13:15:00
13,30,15.7010000000000000,13:30:00
13,45,15.4310000000000000,13:45:00
14,0,14.5756666666666667,14:00:00
14,15,16.3396666666666667,14:15:00
14,30,18.2840000000000000,14:30:00
14,45,28.3643333333333333,14:45:00
15,0,141.2560000000000000,15:00:00
15,15,43.5633333333333333,15:15:00
15,30,31.7200000000000000,15:30:00
15,45,46.4296666666666667,15:45:00
16,0,65.6496666666666667,16:00:00
16,15,68.2826666666666667,16:15:00
16,30,93.9883333333333333,16:30:00
16,45,93.5770000000000000,16:45:00
17,0,64.6653333333333333,17:00:00
17,15,80.3983333333333333,17:15:00
17,30,104.1166666666666667,17:30:00
17,45,99.8553333333333333,17:45:00
18,0,76.2746666666666667,18:00:00
18,15,69.6473333333333333,18:15:00
18,30,64.8426666666666667,18:30:00
18,45,87.1956666666666667,18:45:00
19,0,173.2660000000000000,19:00:00
19,15,70.7876666666666667,19:15:00
19,30,57.6410000000000000,19:30:00
19,45,57.1556666666666667,19:45:00
20,0,64.9613333333333333,20:00:00
20,15,48.5960000000000000,20:15:00
20,30,46.6533333333333333,20:30:00
20,45,47.3506666666666667,20:45:00
21,0,52.4393333333333333,21:00:00
21,15,46.8453333333333333,21:15:00
21,30,43.1696666666666667,21:30:00
21,45,44.0486666666666667,21:45:00
22,0,41.2590000000000000,22:00:00
22,15,41.9426666666666667,22:15:00
22,30,40.0983333333333333,22:30:00
22,45,41.1306666666666667,22:45:00
23,0,38.5363333333333333,23:00:00
23,15,35.6366666666666667,23:15:00
23,30,36.9273333333333333,23:30:00
23,45,36.2323333333333333,23:45:00
