hour_of_day,minute_of_hour,avg_price,time_of_day
0,0,46.2685714285714286,00:00:00
0,15,49.1400000000000000,00:15:00
0,30,47.5378571428571429,00:30:00
0,45,47.3214285714285714,00:45:00
1,0,47.3017857142857143,01:00:00
1,15,46.6785714285714286,01:15:00
1,30,46.8546428571428571,01:30:00
1,45,47.8200000000000000,01:45:00
2,0,48.0000000000000000,02:00:00
2,15,46.3428571428571429,02:15:00
2,30,45.4350000000000000,02:30:00
2,45,49.6753571428571429,02:45:00
3,0,50.5225000000000000,03:00:00
3,15,50.7903571428571429,03:15:00
3,30,49.3939285714285714,03:30:00
3,45,52.8528571428571429,03:45:00
4,0,53.5160714285714286,04:00:00
4,15,53.0046428571428571,04:15:00
4,30,52.6353571428571429,04:30:00
4,45,53.1232142857142857,04:45:00
5,0,53.0096428571428571,05:00:00
5,15,51.9664285714285714,05:15:00
5,30,51.7828571428571429,05:30:00
5,45,50.8485714285714286,05:45:00
6,0,48.4582142857142857,06:00:00
6,15,51.7121428571428571,06:15:00
6,30,51.2928571428571429,06:30:00
6,45,53.7414285714285714,06:45:00
7,0,53.3867857142857143,07:00:00
7,15,54.5421428571428571,07:15:00
7,30,56.7989285714285714,07:30:00
7,45,53.8760714285714286,07:45:00
8,0,52.4978571428571429,08:00:00
8,15,36.3835714285714286,08:15:00
8,30,28.4775000000000000,08:30:00
8,45,23.5296428571428571,08:45:00
9,0,23.7057142857142857,09:00:00
9,15,23.6846428571428571,09:15:00
9,30,22.4053571428571429,09:30:00
9,45,22.5817857142857143,09:45:00
10,0,22.5935714285714286,10:00:00
10,15,19.8685714285714286,10:15:00
10,30,18.6632142857142857,10:30:00
10,45,18.8017857142857143,10:45:00
11,0,18.5978571428571429,11:00:00
11,15,21.9335714285714286,11:15:00
11,30,21.7521428571428571,11:30:00
11,45,18.2603571428571429,11:45:00
12,0,18.0982142857142857,12:00:00
12,15,17.0692857142857143,12:15:00
12,30,16.6346428571428571,12:30:00
12,45,16.4582142857142857,12:45:00
13,0,17.5417857142857143,13:00:00
13,15,17.0657142857142857,13:15:00
13,30,16.5664285714285714,13:30:00
13,45,16.4010714285714286,13:45:00
14,0,15.9710714285714286,14:00:00
14,15,15.9896428571428571,14:15:00
14,30,16.7339285714285714,14:30:00
14,45,16.2246428571428571,14:45:00
15,0,16.0935714285714286,15:00:00
15,15,17.5014285714285714,15:15:00
15,30,18.3907142857142857,15:30:00
15,45,18.0710714285714286,15:45:00
16,0,19.4478571428571429,16:00:00
16,15,25.8417857142857143,16:15:00
16,30,35.7067857142857143,16:30:00
16,45,47.3882142857142857,16:45:00
17,0,48.3528571428571429,17:00:00
17,15,61.2260714285714286,17:15:00
17,30,123.9742857142857143,17:30:00
17,45,63.7525000000000000,17:45:00
18,0,58.2621428571428571,18:00:00
18,15,58.3546428571428571,18:15:00
18,30,57.9064285714285714,18:30:00
18,45,58.8750000000000000,18:45:00
19,0,59.5139285714285714,19:00:00
19,15,55.9971428571428571,19:15:00
19,30,53.4753571428571429,19:30:00
19,45,53.3185714285714286,19:45:00
20,0,57.9282142857142857,20:00:00
20,15,52.8382142857142857,20:15:00
20,30,52.6121428571428571,20:30:00
20,45,53.6425000000000000,20:45:00
21,0,55.8214285714285714,21:00:00
21,15,52.4878571428571429,21:15:00
21,30,53.3260714285714286,21:30:00
21,45,53.2596428571428571,21:45:00
22,0,54.8978571428571429,22:00:00
22,15,51.4467857142857143,22:15:00
22,30,50.1660714285714286,22:30:00
22,45,49.1103571428571429,22:45:00
23,0,51.0710714285714286,23:00:00
23,15,47.2875000000000000,23:15:00
23,30,48.7639285714285714,23:30:00
23,45,46.5421428571428571,23:45:00
,,41.4000000000000000,
