Hour of Day,Minute of Hour,Below Breakeven YTD,Below Breakeven 6M,Below Breakeven 1M,Time of Day
0,0,0,0,0,00:00:00
0,15,0,0,0,00:15:00
0,30,0,0,0,00:30:00
0,45,0,0,0,00:45:00
1,0,0,0,0,01:00:00
1,15,0,0,0,01:15:00
1,30,0,0,0,01:30:00
1,45,0,0,0,01:45:00
2,0,0,0,0,02:00:00
2,15,0,0,0,02:15:00
2,30,0,0,0,02:30:00
2,45,0,0,0,02:45:00
3,0,0,0,0,03:00:00
3,15,0,0,0,03:15:00
3,30,0,0,0,03:30:00
3,45,0,0,0,03:45:00
4,0,0,0,0,04:00:00
4,15,0,0,0,04:15:00
4,30,0,0,0,04:30:00
4,45,0,0,0,04:45:00
5,0,0,0,0,05:00:00
5,15,0,0,0,05:15:00
5,30,0,0,0,05:30:00
5,45,0,0,0,05:45:00
6,0,0,0,0,06:00:00
6,15,0,0,0,06:15:00
6,30,0,0,0,06:30:00
6,45,0,0,0,06:45:00
7,0,0,0,0,07:00:00
7,15,0,0,0,07:15:00
7,30,0,0,0,07:30:00
7,45,0,0,0,07:45:00
8,0,0,0,0,08:00:00
8,15,0,0,0,08:15:00
8,30,0,0,0,08:30:00
8,45,0,0,0,08:45:00
9,0,0,0,0,09:00:00
9,15,0,0,0,09:15:00
9,30,1,1,1,09:30:00
9,45,1,1,1,09:45:00
10,0,1,1,1,10:00:00
10,15,1,1,1,10:15:00
10,30,1,1,1,10:30:00
10,45,2,2,2,10:45:00
11,0,1,1,1,11:00:00
11,15,2,2,3,11:15:00
11,30,3,3,3,11:30:00
11,45,4,4,4,11:45:00
12,0,4,4,4,12:00:00
12,15,4,4,4,12:15:00
12,30,4,4,5,12:30:00
12,45,4,4,4,12:45:00
13,0,5,5,5,13:00:00
13,15,4,4,4,13:15:00
13,30,4,4,5,13:30:00
13,45,5,5,6,13:45:00
14,0,5,5,6,14:00:00
14,15,4,4,4,14:15:00
14,30,5,5,5,14:30:00
14,45,5,5,5,14:45:00
15,0,6,6,6,15:00:00
15,15,5,5,5,15:15:00
15,30,5,5,5,15:30:00
15,45,7,7,7,15:45:00
16,0,4,4,4,16:00:00
16,15,2,2,2,16:15:00
16,30,1,1,1,16:30:00
16,45,1,1,1,16:45:00
17,0,0,0,0,17:00:00
17,15,0,0,0,17:15:00
17,30,0,0,0,17:30:00
17,45,0,0,0,17:45:00
18,0,0,0,0,18:00:00
18,15,0,0,0,18:15:00
18,30,0,0,0,18:30:00
18,45,0,0,0,18:45:00
19,0,0,0,0,19:00:00
19,15,0,0,0,19:15:00
19,30,0,0,0,19:30:00
19,45,0,0,0,19:45:00
20,0,0,0,0,20:00:00
20,15,0,0,0,20:15:00
20,30,0,0,0,20:30:00
20,45,0,0,0,20:45:00
21,0,0,0,0,21:00:00
21,15,0,0,0,21:15:00
21,30,0,0,0,21:30:00
21,45,0,0,0,21:45:00
22,0,0,0,0,22:00:00
22,15,0,0,0,22:15:00
22,30,0,0,0,22:30:00
22,45,0,0,0,22:45:00
23,0,0,0,0,23:00:00
23,15,0,0,0,23:15:00
23,30,0,0,0,23:30:00
23,45,0,0,0,23:45:00
