hour_of_day,minute_of_hour,avg_price,time_of_day
0,0,34.0887096774193548,00:00:00
0,15,28.3548387096774194,00:15:00
0,30,28.6822580645161290,00:30:00
0,45,30.2067741935483871,00:45:00
1,0,28.4096774193548387,01:00:00
1,15,29.7854838709677419,01:15:00
1,30,29.9035483870967742,01:30:00
1,45,27.1390322580645161,01:45:00
2,0,31.8545161290322581,02:00:00
2,15,30.3600000000000000,02:15:00
2,30,32.5761290322580645,02:30:00
2,45,31.7958064516129032,02:45:00
3,0,33.3606451612903226,03:00:00
3,15,30.2974193548387097,03:15:00
3,30,32.5835483870967742,03:30:00
3,45,32.5648387096774194,03:45:00
4,0,34.9248387096774194,04:00:00
4,15,36.4525806451612903,04:15:00
4,30,36.5641935483870968,04:30:00
4,45,35.0438709677419355,04:45:00
5,0,39.1309677419354839,05:00:00
5,15,33.5170967741935484,05:15:00
5,30,36.2522580645161290,05:30:00
5,45,37.1893548387096774,05:45:00
6,0,41.8225806451612903,06:00:00
6,15,36.6619354838709677,06:15:00
6,30,35.9461290322580645,06:30:00
6,45,38.3625806451612903,06:45:00
7,0,38.7825806451612903,07:00:00
7,15,29.2496774193548387,07:15:00
7,30,25.4319354838709677,07:30:00
7,45,18.6319354838709677,07:45:00
8,0,16.3603225806451613,08:00:00
8,15,14.2364516129032258,08:15:00
8,30,12.0529032258064516,08:30:00
8,45,10.9625806451612903,08:45:00
9,0,10.9709677419354839,09:00:00
9,15,11.1003225806451613,09:15:00
9,30,11.2074193548387097,09:30:00
9,45,11.6738709677419355,09:45:00
10,0,12.1225806451612903,10:00:00
10,15,12.8645161290322581,10:15:00
10,30,13.5341935483870968,10:30:00
10,45,14.2464516129032258,10:45:00
11,0,14.6238709677419355,11:00:00
11,15,14.9619354838709677,11:15:00
11,30,15.5725806451612903,11:30:00
11,45,16.5087096774193548,11:45:00
12,0,15.9025806451612903,12:00:00
12,15,17.1787096774193548,12:15:00
12,30,17.7164516129032258,12:30:00
12,45,18.1500000000000000,12:45:00
13,0,18.5870967741935484,13:00:00
13,15,18.5235483870967742,13:15:00
13,30,18.1664516129032258,13:30:00
13,45,19.9177419354838710,13:45:00
14,0,19.4796774193548387,14:00:00
14,15,21.5541935483870968,14:15:00
14,30,22.0935483870967742,14:30:00
14,45,22.2738709677419355,14:45:00
15,0,23.1138709677419355,15:00:00
15,15,23.3287096774193548,15:15:00
15,30,23.8832258064516129,15:30:00
15,45,25.2029032258064516,15:45:00
16,0,24.7764516129032258,16:00:00
16,15,25.2896774193548387,16:15:00
16,30,26.1306451612903226,16:30:00
16,45,26.7122580645161290,16:45:00
17,0,23.3719354838709677,17:00:00
17,15,24.7432258064516129,17:15:00
17,30,26.1770967741935484,17:30:00
17,45,26.7709677419354839,17:45:00
18,0,25.7809677419354839,18:00:00
18,15,30.2490322580645161,18:15:00
18,30,35.4412903225806452,18:30:00
18,45,33.4083870967741935,18:45:00
19,0,28.0206451612903226,19:00:00
19,15,37.3896774193548387,19:15:00
19,30,59.3600000000000000,19:30:00
19,45,53.2606451612903226,19:45:00
20,0,66.8829032258064516,20:00:00
20,15,58.1261290322580645,20:15:00
20,30,57.2761290322580645,20:30:00
20,45,49.5461290322580645,20:45:00
21,0,55.1816129032258065,21:00:00
21,15,46.1048387096774194,21:15:00
21,30,44.9987096774193548,21:30:00
21,45,41.6558064516129032,21:45:00
22,0,44.2664516129032258,22:00:00
22,15,42.7703225806451613,22:15:00
22,30,39.2961290322580645,22:30:00
22,45,37.5483870967741935,22:45:00
23,0,37.4809677419354839,23:00:00
23,15,34.1451612903225806,23:15:00
23,30,34.2480645161290323,23:30:00
23,45,34.4448387096774194,23:45:00
