hour_of_day,minute_of_hour,avg_price,time_of_day
0,0,45.7170000000000000,00:00:00
0,15,42.6473333333333333,00:15:00
0,30,42.4450000000000000,00:30:00
0,45,39.8633333333333333,00:45:00
1,0,41.0556666666666667,01:00:00
1,15,43.4383333333333333,01:15:00
1,30,35.4340000000000000,01:30:00
1,45,41.4680000000000000,01:45:00
2,0,39.4413333333333333,02:00:00
2,15,35.1856666666666667,02:15:00
2,30,37.1916666666666667,02:30:00
2,45,36.4403333333333333,02:45:00
3,0,37.0893333333333333,03:00:00
3,15,36.2040000000000000,03:15:00
3,30,35.7750000000000000,03:30:00
3,45,39.2213333333333333,03:45:00
4,0,35.8416666666666667,04:00:00
4,15,38.8950000000000000,04:15:00
4,30,41.2740000000000000,04:30:00
4,45,37.2300000000000000,04:45:00
5,0,40.4563333333333333,05:00:00
5,15,38.2440000000000000,05:15:00
5,30,42.6016666666666667,05:30:00
5,45,37.7820000000000000,05:45:00
6,0,41.6360000000000000,06:00:00
6,15,37.6300000000000000,06:15:00
6,30,41.3390000000000000,06:30:00
6,45,41.8560000000000000,06:45:00
7,0,39.4443333333333333,07:00:00
7,15,35.8940000000000000,07:15:00
7,30,36.7450000000000000,07:30:00
7,45,31.9130000000000000,07:45:00
8,0,26.2853333333333333,08:00:00
8,15,22.1976666666666667,08:15:00
8,30,26.6560000000000000,08:30:00
8,45,15.2483333333333333,08:45:00
9,0,16.5963333333333333,09:00:00
9,15,15.2776666666666667,09:15:00
9,30,15.7060000000000000,09:30:00
9,45,14.6556666666666667,09:45:00
10,0,15.4833333333333333,10:00:00
10,15,14.2496666666666667,10:15:00
10,30,14.2840000000000000,10:30:00
10,45,15.2643333333333333,10:45:00
11,0,15.0680000000000000,11:00:00
11,15,15.7513333333333333,11:15:00
11,30,16.3546666666666667,11:30:00
11,45,16.9906666666666667,11:45:00
12,0,16.8856666666666667,12:00:00
12,15,16.9990000000000000,12:15:00
12,30,19.8960000000000000,12:30:00
12,45,17.5180000000000000,12:45:00
13,0,18.2456666666666667,13:00:00
13,15,18.7546666666666667,13:15:00
13,30,19.6553333333333333,13:30:00
13,45,20.0653333333333333,13:45:00
14,0,19.0616666666666667,14:00:00
14,15,19.4246666666666667,14:15:00
14,30,20.6516666666666667,14:30:00
14,45,23.9743333333333333,14:45:00
15,0,25.7750000000000000,15:00:00
15,15,27.3050000000000000,15:15:00
15,30,28.3640000000000000,15:30:00
15,45,29.6803333333333333,15:45:00
16,0,30.1830000000000000,16:00:00
16,15,30.6103333333333333,16:15:00
16,30,30.0440000000000000,16:30:00
16,45,31.8233333333333333,16:45:00
17,0,32.7453333333333333,17:00:00
17,15,34.8703333333333333,17:15:00
17,30,36.4023333333333333,17:30:00
17,45,42.2443333333333333,17:45:00
18,0,42.1360000000000000,18:00:00
18,15,56.4006666666666667,18:15:00
18,30,79.4113333333333333,18:30:00
18,45,95.5806666666666667,18:45:00
19,0,76.8290000000000000,19:00:00
19,15,132.0583333333333333,19:15:00
19,30,104.8496666666666667,19:30:00
19,45,74.7313333333333333,19:45:00
20,0,70.3986666666666667,20:00:00
20,15,62.4780000000000000,20:15:00
20,30,51.4850000000000000,20:30:00
20,45,49.5033333333333333,20:45:00
21,0,55.0080000000000000,21:00:00
21,15,48.6700000000000000,21:15:00
21,30,48.9373333333333333,21:30:00
21,45,47.3266666666666667,21:45:00
22,0,50.0290000000000000,22:00:00
22,15,43.4230000000000000,22:15:00
22,30,46.3096666666666667,22:30:00
22,45,43.6900000000000000,22:45:00
23,0,42.8036666666666667,23:00:00
23,15,42.6193333333333333,23:15:00
23,30,40.3706666666666667,23:30:00
23,45,36.6413333333333333,23:45:00
