Hour of Day,Minute of Hour,Below Breakeven YTD,Below Breakeven 6M,Below Breakeven 1M,Time of Day
0,0,3,3,3,00:00:00
0,15,3,3,3,00:15:00
0,30,3,3,3,00:30:00
0,45,3,3,3,00:45:00
1,0,4,4,4,01:00:00
1,15,5,5,5,01:15:00
1,30,6,6,6,01:30:00
1,45,5,5,5,01:45:00
2,0,6,6,6,02:00:00
2,15,6,6,6,02:15:00
2,30,6,6,6,02:30:00
2,45,6,6,7,02:45:00
3,0,6,6,6,03:00:00
3,15,6,6,6,03:15:00
3,30,7,7,7,03:30:00
3,45,7,7,7,03:45:00
4,0,7,7,7,04:00:00
4,15,8,8,8,04:15:00
4,30,7,7,7,04:30:00
4,45,7,7,8,04:45:00
5,0,9,9,9,05:00:00
5,15,8,8,8,05:15:00
5,30,8,8,8,05:30:00
5,45,6,6,6,05:45:00
6,0,5,5,6,06:00:00
6,15,5,5,6,06:15:00
6,30,3,3,4,06:30:00
6,45,3,3,3,06:45:00
7,0,2,2,2,07:00:00
7,15,2,2,2,07:15:00
7,30,3,3,3,07:30:00
7,45,5,5,5,07:45:00
8,0,6,6,6,08:00:00
8,15,8,9,9,08:15:00
8,30,10,10,10,08:30:00
8,45,11,11,12,08:45:00
9,0,11,11,11,09:00:00
9,15,9,9,10,09:15:00
9,30,11,11,11,09:30:00
9,45,11,11,11,09:45:00
10,0,11,11,11,10:00:00
10,15,10,10,11,10:15:00
10,30,12,12,12,10:30:00
10,45,12,12,12,10:45:00
11,0,12,12,12,11:00:00
11,15,12,12,12,11:15:00
11,30,12,12,12,11:30:00
11,45,12,12,12,11:45:00
12,0,12,12,12,12:00:00
12,15,13,13,14,12:15:00
12,30,14,14,14,12:30:00
12,45,14,14,14,12:45:00
13,0,13,13,15,13:00:00
13,15,13,13,13,13:15:00
13,30,14,14,14,13:30:00
13,45,13,13,13,13:45:00
14,0,13,13,13,14:00:00
14,15,13,13,13,14:15:00
14,30,14,14,14,14:30:00
14,45,11,11,12,14:45:00
15,0,12,12,12,15:00:00
15,15,10,10,10,15:15:00
15,30,9,9,9,15:30:00
15,45,9,9,9,15:45:00
16,0,9,9,9,16:00:00
16,15,9,9,9,16:15:00
16,30,9,9,9,16:30:00
16,45,9,9,9,16:45:00
17,0,9,9,9,17:00:00
17,15,8,8,9,17:15:00
17,30,10,10,10,17:30:00
17,45,10,10,10,17:45:00
18,0,10,10,10,18:00:00
18,15,10,10,10,18:15:00
18,30,8,8,8,18:30:00
18,45,5,6,6,18:45:00
19,0,5,5,5,19:00:00
19,15,1,1,2,19:15:00
19,30,1,1,1,19:30:00
19,45,0,0,0,19:45:00
20,0,0,0,0,20:00:00
20,15,1,1,1,20:15:00
20,30,1,1,1,20:30:00
20,45,1,1,1,20:45:00
21,0,1,1,1,21:00:00
21,15,3,3,3,21:15:00
21,30,2,2,2,21:30:00
21,45,3,3,3,21:45:00
22,0,4,4,4,22:00:00
22,15,4,4,4,22:15:00
22,30,4,4,4,22:30:00
22,45,4,4,4,22:45:00
23,0,3,4,4,23:00:00
23,15,4,4,4,23:15:00
23,30,5,5,6,23:30:00
23,45,5,5,5,23:45:00
