hour_of_day,minute_of_hour,avg_price,time_of_day
0,0,22.0316666666666667,00:00:00
0,15,19.7420000000000000,00:15:00
0,30,19.2926666666666667,00:30:00
0,45,20.5570000000000000,00:45:00
1,0,21.2146666666666667,01:00:00
1,15,19.7203333333333333,01:15:00
1,30,19.4983333333333333,01:30:00
1,45,18.0083333333333333,01:45:00
2,0,18.2683333333333333,02:00:00
2,15,18.6546666666666667,02:15:00
2,30,18.1340000000000000,02:30:00
2,45,17.2673333333333333,02:45:00
3,0,16.3366666666666667,03:00:00
3,15,16.1586666666666667,03:15:00
3,30,15.1800000000000000,03:30:00
3,45,14.4633333333333333,03:45:00
4,0,15.4860000000000000,04:00:00
4,15,14.0480000000000000,04:15:00
4,30,15.0990000000000000,04:30:00
4,45,18.0943333333333333,04:45:00
5,0,19.9953333333333333,05:00:00
5,15,20.4423333333333333,05:15:00
5,30,20.1646666666666667,05:30:00
5,45,24.1513333333333333,05:45:00
6,0,28.2590000000000000,06:00:00
6,15,32.8090000000000000,06:15:00
6,30,43.4606666666666667,06:30:00
6,45,35.4830000000000000,06:45:00
7,0,45.8633333333333333,07:00:00
7,15,29.9440000000000000,07:15:00
7,30,23.5900000000000000,07:30:00
7,45,19.2096666666666667,07:45:00
8,0,24.8830000000000000,08:00:00
8,15,12.2773333333333333,08:15:00
8,30,9.7133333333333333,08:30:00
8,45,7.5773333333333333,08:45:00
9,0,9.8566666666666667,09:00:00
9,15,8.7033333333333333,09:15:00
9,30,6.9666666666666667,09:30:00
9,45,6.6233333333333333,09:45:00
10,0,6.4610000000000000,10:00:00
10,15,5.5410000000000000,10:15:00
10,30,5.2656666666666667,10:30:00
10,45,4.8080000000000000,10:45:00
11,0,4.7966666666666667,11:00:00
11,15,6.2823333333333333,11:15:00
11,30,6.5200000000000000,11:30:00
11,45,6.8586666666666667,11:45:00
12,0,6.2936666666666667,12:00:00
12,15,6.7096666666666667,12:15:00
12,30,6.8373333333333333,12:30:00
12,45,10.2120000000000000,12:45:00
13,0,10.0700000000000000,13:00:00
13,15,22.3110000000000000,13:15:00
13,30,19.8770000000000000,13:30:00
13,45,9.7006666666666667,13:45:00
14,0,7.9173333333333333,14:00:00
14,15,8.0880000000000000,14:15:00
14,30,7.3866666666666667,14:30:00
14,45,8.0130000000000000,14:45:00
15,0,8.4323333333333333,15:00:00
15,15,8.9390000000000000,15:15:00
15,30,9.5190000000000000,15:30:00
15,45,10.2576666666666667,15:45:00
16,0,11.4346666666666667,16:00:00
16,15,9.3810000000000000,16:15:00
16,30,11.3843333333333333,16:30:00
16,45,12.4033333333333333,16:45:00
17,0,11.8923333333333333,17:00:00
17,15,11.2520000000000000,17:15:00
17,30,14.5903333333333333,17:30:00
17,45,14.5040000000000000,17:45:00
18,0,12.4860000000000000,18:00:00
18,15,17.3453333333333333,18:15:00
18,30,20.5283333333333333,18:30:00
18,45,35.2186666666666667,18:45:00
19,0,44.2150000000000000,19:00:00
19,15,78.8780000000000000,19:15:00
19,30,150.1446666666666667,19:30:00
19,45,265.4300000000000000,19:45:00
20,0,185.8746666666666667,20:00:00
20,15,176.0223333333333333,20:15:00
20,30,108.2703333333333333,20:30:00
20,45,82.2176666666666667,20:45:00
21,0,59.1753333333333333,21:00:00
21,15,54.0770000000000000,21:15:00
21,30,43.2580000000000000,21:30:00
21,45,33.8376666666666667,21:45:00
22,0,37.3723333333333333,22:00:00
22,15,29.9270000000000000,22:15:00
22,30,26.0093333333333333,22:30:00
22,45,26.1700000000000000,22:45:00
23,0,24.2040000000000000,23:00:00
23,15,21.9103333333333333,23:15:00
23,30,20.4770000000000000,23:30:00
23,45,22.6550000000000000,23:45:00
