hour_of_day,minute_of_hour,avg_price,time_of_day
0,0,27.4448387096774194,00:00:00
0,15,27.6709677419354839,00:15:00
0,30,24.6090322580645161,00:30:00
0,45,23.9887096774193548,00:45:00
1,0,25.7109677419354839,01:00:00
1,15,26.8390322580645161,01:15:00
1,30,24.6551612903225806,01:30:00
1,45,19.9625806451612903,01:45:00
2,0,21.7083870967741935,02:00:00
2,15,24.3090322580645161,02:15:00
2,30,25.3664516129032258,02:30:00
2,45,26.1712903225806452,02:45:00
3,0,22.2032258064516129,03:00:00
3,15,21.9377419354838710,03:15:00
3,30,25.9387096774193548,03:30:00
3,45,25.4261290322580645,03:45:00
4,0,36.6122580645161290,04:00:00
4,15,26.2380645161290323,04:15:00
4,30,27.2941935483870968,04:30:00
4,45,27.2135483870967742,04:45:00
5,0,27.4006451612903226,05:00:00
5,15,28.5551612903225806,05:15:00
5,30,33.0777419354838710,05:30:00
5,45,32.0483870967741935,05:45:00
6,0,33.0945161290322581,06:00:00
6,15,33.8567741935483871,06:15:00
6,30,37.2658064516129032,06:30:00
6,45,34.7341935483870968,06:45:00
7,0,37.1522580645161290,07:00:00
7,15,27.1048387096774194,07:15:00
7,30,23.3867741935483871,07:30:00
7,45,18.3154838709677419,07:45:00
8,0,19.8441935483870968,08:00:00
8,15,16.7009677419354839,08:15:00
8,30,16.8083870967741935,08:30:00
8,45,15.8083870967741935,08:45:00
9,0,16.3061290322580645,09:00:00
9,15,15.1106451612903226,09:15:00
9,30,16.0474193548387097,09:30:00
9,45,16.8893548387096774,09:45:00
10,0,17.8258064516129032,10:00:00
10,15,22.8077419354838710,10:15:00
10,30,18.1109677419354839,10:30:00
10,45,15.0367741935483871,10:45:00
11,0,16.4751612903225806,11:00:00
11,15,17.1190322580645161,11:15:00
11,30,16.2319354838709677,11:30:00
11,45,17.3306451612903226,11:45:00
12,0,21.8248387096774194,12:00:00
12,15,27.4245161290322581,12:15:00
12,30,25.0861290322580645,12:30:00
12,45,23.7080645161290323,12:45:00
13,0,26.4667741935483871,13:00:00
13,15,23.7777419354838710,13:15:00
13,30,24.0377419354838710,13:30:00
13,45,25.2654838709677419,13:45:00
14,0,31.4270967741935484,14:00:00
14,15,25.2658064516129032,14:15:00
14,30,27.5454838709677419,14:30:00
14,45,27.2261290322580645,14:45:00
15,0,28.5693548387096774,15:00:00
15,15,30.9332258064516129,15:15:00
15,30,36.9625806451612903,15:30:00
15,45,43.1941935483870968,15:45:00
16,0,39.1554838709677419,16:00:00
16,15,46.9274193548387097,16:15:00
16,30,38.8964516129032258,16:30:00
16,45,40.5583870967741935,16:45:00
17,0,77.7248387096774194,17:00:00
17,15,77.3412903225806452,17:15:00
17,30,56.6616129032258065,17:30:00
17,45,37.0893548387096774,17:45:00
18,0,27.7877419354838710,18:00:00
18,15,41.2996774193548387,18:15:00
18,30,79.5377419354838710,18:30:00
18,45,96.8587096774193548,18:45:00
19,0,64.7658064516129032,19:00:00
19,15,93.7538709677419355,19:15:00
19,30,147.4880645161290323,19:30:00
19,45,196.1380645161290323,19:45:00
20,0,227.6790322580645161,20:00:00
20,15,249.2983870967741935,20:15:00
20,30,148.0996774193548387,20:30:00
20,45,93.0212903225806452,20:45:00
21,0,72.3903225806451613,21:00:00
21,15,50.0635483870967742,21:15:00
21,30,58.4564516129032258,21:30:00
21,45,53.4361290322580645,21:45:00
22,0,43.6419354838709677,22:00:00
22,15,44.1577419354838710,22:15:00
22,30,43.6493548387096774,22:30:00
22,45,39.1148387096774194,22:45:00
23,0,33.5251612903225806,23:00:00
23,15,34.4009677419354839,23:15:00
23,30,29.1083870967741935,23:30:00
23,45,30.5174193548387097,23:45:00
