Hour of Day,Minute of Hour,Below Breakeven YTD,Below Breakeven 6M,Below Breakeven 1M,Time of Day
0,0,6,6,6,00:00:00
0,15,6,6,6,00:15:00
0,30,6,6,6,00:30:00
0,45,6,6,6,00:45:00
1,0,6,6,6,01:00:00
1,15,6,6,6,01:15:00
1,30,6,6,6,01:30:00
1,45,6,6,6,01:45:00
2,0,5,5,5,02:00:00
2,15,5,5,5,02:15:00
2,30,4,4,4,02:30:00
2,45,4,4,4,02:45:00
3,0,4,4,4,03:00:00
3,15,4,4,4,03:15:00
3,30,4,4,4,03:30:00
3,45,4,4,4,03:45:00
4,0,4,4,4,04:00:00
4,15,4,4,4,04:15:00
4,30,4,4,4,04:30:00
4,45,3,3,4,04:45:00
5,0,3,3,3,05:00:00
5,15,3,3,3,05:15:00
5,30,3,3,3,05:30:00
5,45,3,3,3,05:45:00
6,0,2,2,2,06:00:00
6,15,1,1,2,06:15:00
6,30,1,1,2,06:30:00
6,45,1,1,1,06:45:00
7,0,1,1,1,07:00:00
7,15,1,1,1,07:15:00
7,30,2,2,2,07:30:00
7,45,4,4,4,07:45:00
8,0,4,4,4,08:00:00
8,15,4,4,4,08:15:00
8,30,4,5,6,08:30:00
8,45,5,5,5,08:45:00
9,0,5,5,5,09:00:00
9,15,5,5,6,09:15:00
9,30,6,6,6,09:30:00
9,45,5,6,6,09:45:00
10,0,6,6,6,10:00:00
10,15,6,6,6,10:15:00
10,30,5,5,6,10:30:00
10,45,5,5,5,10:45:00
11,0,3,3,4,11:00:00
11,15,4,4,4,11:15:00
11,30,4,4,4,11:30:00
11,45,4,4,4,11:45:00
12,0,5,5,5,12:00:00
12,15,3,4,5,12:15:00
12,30,3,3,4,12:30:00
12,45,4,4,4,12:45:00
13,0,4,4,4,13:00:00
13,15,4,4,4,13:15:00
13,30,4,4,4,13:30:00
13,45,4,4,4,13:45:00
14,0,4,4,4,14:00:00
14,15,3,3,3,14:15:00
14,30,4,4,4,14:30:00
14,45,3,3,3,14:45:00
15,0,4,5,5,15:00:00
15,15,4,4,5,15:15:00
15,30,6,6,6,15:30:00
15,45,4,4,4,15:45:00
16,0,4,4,6,16:00:00
16,15,4,4,4,16:15:00
16,30,4,4,4,16:30:00
16,45,4,5,6,16:45:00
17,0,6,6,6,17:00:00
17,15,5,5,5,17:15:00
17,30,5,5,5,17:30:00
17,45,5,5,5,17:45:00
18,0,7,7,7,18:00:00
18,15,6,6,6,18:15:00
18,30,6,6,6,18:30:00
18,45,6,6,6,18:45:00
19,0,6,6,6,19:00:00
19,15,5,5,5,19:15:00
19,30,4,4,4,19:30:00
19,45,1,1,1,19:45:00
20,0,1,1,1,20:00:00
20,15,0,0,1,20:15:00
20,30,0,0,0,20:30:00
20,45,0,0,0,20:45:00
21,0,0,0,0,21:00:00
21,15,0,0,0,21:15:00
21,30,0,0,2,21:30:00
21,45,2,2,3,21:45:00
22,0,3,3,4,22:00:00
22,15,3,4,4,22:15:00
22,30,3,3,3,22:30:00
22,45,3,4,4,22:45:00
23,0,5,5,5,23:00:00
23,15,6,6,6,23:15:00
23,30,6,6,6,23:30:00
23,45,5,5,5,23:45:00
